_fuckup b/c sample was chosen from metadata w/ dumplicates
making it a weird "almost 2%" sample where the distribution
of publications over months/research fields might be off

normalizing 'along the line distribution':

0.07 0.06 0.07 0.07 0.07 0.07 0.07 0.06 0.05 0.42
0.07 0.06 0.07 0.07 0.06 0.07 0.07 0.06 0.05 0.42
0.07 0.06 0.06 0.07 0.06 0.07 0.07 0.06 0.05 0.42
0.07 0.06 0.06 0.06 0.07 0.07 0.07 0.06 0.05 0.43
0.07 0.06 0.07 0.07 0.07 0.07 0.07 0.06 0.05 0.43
0.07 0.06 0.07 0.07 0.07 0.08 0.07 0.06 0.05 0.42
0.07 0.06 0.07 0.07 0.07 0.07 0.07 0.06 0.05 0.42
0.07 0.06 0.07 0.07 0.07 0.07 0.07 0.06 0.05 0.42
0.07 0.06 0.06 0.06 0.06 0.08 0.07 0.06 0.05 0.43
0.05 0.05 0.06 0.06 0.07 0.08 0.07 0.07 0.06 0.44
