2089895323,2078317928,1108.6288,None
2015627081,2073854415,math-ph0401032,math-ph0108028
2803814755,2798680428,1109.4763,None
2768749168,2089597841,1711.09464,None
2899930729,2081746825,1811.04277,None
2131160516,2003909367,nucl-th0411110,nucl-th0207014
2225837049,2006631910,1509.02392,None
2807653603,1628741441,1806.02409,gr-qc0103067
2883642085,1991577814,1807.10078,1202.1003
2059261533,1967852555,0803.0501,gr-qc0703053
225137641,645508629,1411.1819,None
2001916104,2497663534,1212.6663,None
2806507482,2152958033,1805.12413,1103.3714
2077914236,2044792312,1311.6509,None
2806670519,2804262336,1806.01708,1805.05511
2906527151,2790911473,1812.09985,None
2003798936,2156784625,1201.0359,1109.4897
2055740325,2101081474,0903.2147,hep-th9909205
2895531686,2059679326,1810.01434,1009.4651
1948965888,1764803000,1503.08980,1302.1280
2902449853,902939226,1811.11543,None
1998515437,2040910142,0911.5729,1010.1048
2062193948,1986617091,1406.1416,1307.6634
1888866730,2094275418,1001.0712,cond-mat0201229
2802925846,2020272675,1812.07070,1109.1473
2765713124,571798796,1711.00633,None
2752764185,2109210542,1708.08416,None
2068985707,2072938522,cond-mat9901078,None
2798926696,2463501710,1805.00893,None
2807788252,2789883164,1806.04690,1803.08047
2883457339,1980514318,1807.07087,None
2887502938,2078621288,cond-mat0304347,None
2596168960,1497935178,1702.02740,0707.3971
2258259548,2072368040,1505.00723,None
2752544535,2083462736,1709.01856,0805.4102
1812446357,2031191967,1510.05924,None
2906093990,2039811614,1812.08997,None
2009696913,1648512652,gr-qc0103053,None
1910088210,1980658273,1509.05951,None
2478157570,1537339421,1607.02954,1502.06916
2279095228,1600066014,1511.06182,None
2004091295,2058698962,1402.0374,1104.1146
2014856539,2158843074,0712.0587,None
776294518,2060771324,1505.01210,None
1988950600,2139937287,1410.4998,1303.5076
2026193546,1995859454,1109.5850,1011.4471
2004857722,2123629864,cond-mat0605699,cond-mat9908209
2062539185,1964769672,1103.3813,0903.3994
2734964034,1992456900,1707.04315,hep-ph0602006
2037620948,2158920338,1001.3678,0808.2812
2770638404,2043267449,1711.07569,1208.6239
2890492386,2153910905,1809.05912,None
2896743299,2072627764,1810.07195,hep-ph0011159
1587768710,2134142437,1101.1812,cond-mat0502154
2785728936,2510404756,1801.10176,1609.01208
2768907804,42244649,1711.06196,None
2581127600,2155628440,1701.05128,math0508278
1982438713,2006595885,nlin0606045,None
1644373536,2093555430,math0608341,hep-th9411113
2886193235,2787145221,1808.03920,1802.00923
1482700768,2595197912,0909.1711,None
2787115521,2396679942,1802.02508,1605.06667
2239215046,2495029002,1509.05318,None
2903169953,2147717514,1812.01557,None
2811318701,1878356640,1807.00724,1507.08545
2283424513,1978679823,1602.05028,None
2063380476,2088232455,0911.4965,cond-mat9904409
1587470796,2790001142,0909.1974,None
2268343096,2042459594,1407.1135,None
1650092047,2002370244,1105.5619,None
2889785422,2888744455,1809.07903,1808.07759
2539318021,2026876093,1610.06344,1411.0404
2129444362,1949240156,0907.2893,None
2803750677,2346556473,1805.10701,1507.08850
2898517572,2165339980,1810.10809,None
2673045628,2101119909,1706.08162,None
2826739225,2090487041,1807.10081,None
2892388085,2740711318,1810.00681,1708.00107
2904804859,2018582324,1812.06761,None
2515635446,2082664446,1608.04463,None
1586448702,2085930184,gr-qc9812046,None
1993508468,2595995486,1012.5218,None
1508458997,2143077223,1107.3626,cond-mat0410578
2021011553,2068415024,cond-mat9403032,None
2484183121,2008784984,1706.01693,None
2885543569,2011813007,1504.00644,None
1975612008,1571835477,1409.0188,None
2733334447,1593303744,1707.00537,None
2096681341,2162750483,1304.0769,hep-ph9801271
2903965681,2158229980,1812.08509,1411.0439
2765674728,2046550245,1710.07800,None
2886397137,2111084096,1704.06988,None
1891276010,2052739519,hep-th9512051,None
2012535840,2059215722,1405.0756,1402.7300
2082824591,2166248051,1506.05480,hep-th9711200
2734526086,2124659894,1707.03074,None
2784596411,1861327581,1801.08241,1503.03310
2901536304,2032337854,1811.06439,None
2907261439,2074051789,1812.10964,1110.0849
2792911268,2145287260,1803.06524,None
1636504026,2022740109,cond-mat0012125,None
2168422661,2092740067,1210.1360,1107.5885
2785972231,2158863190,1802.03839,None
2798814199,2793761112,1804.10585,1803.03713
2720517674,2286476437,1706.08225,1602.08000
2902633356,1515512066,1812.00771,1503.05762
2088432717,2093001395,cond-mat0610452,cond-mat9412029
2586577202,1928290267,1206.1639,1009.0084
2598768751,2083957658,cond-mat0007168,None
2806941211,2097206148,1806.02642,None
2126425637,1544164938,1108.0174,1103.4674
2810998625,2274160807,1807.01725,1601.04068
2030269562,2009317483,0904.2043,cond-mat0108448
2168836339,2109018577,1005.1868,None
2066075191,1975076696,0705.0509,None
2547785676,2092695716,1611.00681,None
2888379084,1863769126,1307.0363,1312.0908
2537736200,1999471622,1610.06218,None
2567845195,1579955660,1612.06874,0803.2045
2913775710,2233482205,1901.06968,1212.1008
2061221574,2104350270,cond-mat9909422,None
188023079,2050035023,0901.1934,hep-ph9705477
2071108534,1976059328,cond-mat9512169,None
1987644117,1990846396,1110.2819,1001.2737
2368587046,2022734375,1605.03177,1105.4867
2607658674,2011003139,1702.08737,cond-mat0606625
2808081211,2122819782,1806.05195,hep-th0409014
2557778781,2079325511,1611.09364,None
2088428899,2049640512,nucl-ex0012005,None
1478604027,2037626646,1306.4275,1202.1230
2612391294,2131752723,1705.03412,None
2048840422,2164805481,1305.2995,cond-mat9707145
2130277268,2094997845,1003.3552,hep-ph0611020
1829306663,2073909006,0808.0826,hep-th0403264
2562849864,2023886638,1612.07457,None
2903557332,1975749575,1803.01872,None
2024147048,2053850157,0711.0877,cond-mat9902084
2621807841,2090176338,1706.02792,None
2009160413,2075315397,1401.1286,astro-ph0108143
1556026352,2126705254,1412.6186,hep-th0611243
2074036034,2087585288,0812.0960,None
2204240299,2067673416,1206.1903,None
2900754195,2012135006,1811.08897,None
2888665089,2070155593,1808.08711,None
2067093237,2068817128,1107.0276,1102.4227
1539004828,2135545182,1502.05281,None
2268842756,2243368185,1509.03638,1103.1221
2604799547,2159932990,1703.09902,None
2883065952,1990289273,1807.09787,gr-qc0310125
1923058861,2087101668,1205.6895,1103.3728
2041679522,1977363058,1311.7257,None
2654468295,2101356155,1706.08190,None
1997470099,2151274733,1407.5269,None
1978918219,2051326497,1001.1465,cond-mat0308385
2153042078,2000565069,1406.6571,quant-ph0404049
2809727563,1970228368,1806.09799,None
2897270575,2054059696,1810.03719,None
2114685067,2096827232,0807.0961,hep-ph0203272
2562540363,2611234537,1612.06323,None
1812916211,1973636316,1412.4745,1207.1504
2624725691,2002582936,1706.03151,None
2034033261,2038822973,mtrl-th9411003,None
2133297527,1909359706,1507.08665,1502.01589
1986342671,2013305142,1402.6447,1206.1810
2155118973,2147875900,1003.0672,1001.4538
2887148557,2726295271,1808.06580,1707.01444
2848043079,2031065814,1807.03044,1103.2731
2905155020,2886281300,1812.07105,None
1729661800,2056281570,1504.04002,quant-ph0610082
2776450131,2606569853,1712.05974,None
1563111087,2057124493,1301.7136,None
2896332395,2040975855,1801.07000,None
2908773334,2084066402,1901.04212,None
2559216629,2022479123,1612.00418,math0511056
1587759804,69640471,1310.2010,None
2901587720,2111096422,1811.08940,None
1618169482,1996537681,0901.1302,gr-qc0504029
2889350224,1576228534,1808.10191,1503.07691
2171195669,2045224498,1002.4872,None
1986324527,2024681488,1102.4929,0705.0522
2766961432,2099180092,1710.06226,hep-ph9704394
2294668886,2027595215,1603.03489,None
1648728707,2143830720,gr-qc9909035,None
2703114925,2087069234,1311.0349,None
2242163307,1980070639,cond-mat0503728,hep-th0103134
2400161678,1983996420,1510.03335,1004.3197
2796656655,1415072653,1804.06698,None
1985267452,1997928326,1106.2412,None
2854756486,2170552223,1807.03194,1410.0270
2618771107,1974534679,1604.06414,None
2811482647,1553338987,1807.01529,None
2005933336,1990057349,gr-qc0405147,gr-qc0308085
2601214222,2039964660,gr-qc0511061,None
2913835689,2138843640,1901.07079,None
2608461474,2553196777,1704.05848,1611.05891
269292178,1966922820,1410.7921,None
2907909243,2785515149,1901.00530,1402.5135
2890257444,1972757708,1809.05083,None
1602879679,2014206919,1108.2865,None
2892195196,162937083,1809.05952,None
2016318583,2059155060,1010.5022,None
2779026118,2091642429,1712.05406,None
2019094263,2031831197,1212.4097,1011.2482
2531631241,2078095679,1610.02608,None
2085996054,2007877891,1004.0284,gr-qc0109049
2342699107,2336770924,1511.06179,None
2089788718,2038988125,cond-mat0606007,cond-mat0001085
2145665259,2271353403,0907.1549,0905.3821
2887252328,2150015494,1808.05169,None
2721697759,1986756456,1706.05505,None
1969838497,2016192435,cond-mat0507714,cond-mat0411140
2796135889,2017152189,1003.4175,1005.5322
2804469778,2221708190,1805.10491,1512.08804
2312170027,615958912,1603.07058,None
2608668193,1977904727,1705.05769,None
2625752475,2137432375,1706.05086,None
2598559809,2093960591,1703.09601,None
2746375700,117206803,1708.05925,1205.2134
2106442734,2476174831,cond-mat0502602,None
2061327870,2049121767,cond-mat9211002,None
2519478408,2111967308,1405.0369,None
2527092817,1640785289,1609.06920,None
1970614724,2615810713,0704.3610,None
2056380150,2085158440,1206.0807,0908.3054
12713440,2319346282,1406.3107,None
2887731240,1984173917,1808.00397,None
2761753202,2137451368,1710.03792,None
2018926396,2155563757,1202.1846,1105.5081
1956412434,2151831457,1503.06222,cond-mat0411098
2788336338,2604973422,1710.00458,None
2226783875,1534777183,1509.08865,None
2015445996,1792215452,0906.2251,astro-ph9912106
2738473505,2093674588,1212.3202,cond-mat0604210
2897267200,2067123857,1810.09066,physics9712001
2121897185,1986139421,cond-mat0511665,None
1968676992,1994250578,0907.0037,None
1564504054,2039489585,1501.01009,1407.3059
2593429777,1590390162,1703.02076,None
2053134932,2059286747,1411.4863,None
2888826069,1525815710,1808.09200,None
2245289430,2264002775,1509.05222,None
2791451387,2144260710,1803.00332,1504.07559
2037676761,2089492328,hep-ph9603352,None
2167575152,2080577262,1006.2739,0904.4464
2892340169,2008646230,1809.02971,None
2167733668,2001040405,0803.3396,quant-ph0609174
1782132321,2047952218,cond-mat0703091,cond-mat9603126
2123923727,1981887846,1207.6047,astro-ph0201294
2797014837,2033043078,1804.03451,1411.1921
2196489442,1964410718,1512.03158,None
1757790192,1579817075,1401.6312,None
1523834644,2089250986,cond-mat0310405,cond-mat9910057
1505546568,2082147703,1201.2176,1011.6371
1988589735,2790254357,1102.1890,None
2622721179,2077956489,1706.01840,cond-mat0511462
2810443119,2085795603,1807.01306,1009.2340
2749435428,2291518697,1708.05571,None
2074777994,1995853833,1110.5831,cond-mat9812359
1999734002,2007421650,1311.3972,None
2166893369,1974213287,1103.1415,None
2578302934,2075517598,1612.05835,None
2169148563,2131681506,1310.4378,0803.0476
2751412652,2011757658,1708.08318,None
1994948074,2611071497,q-bio0405011,None
2280061309,2054577479,1507.05384,1002.4140
2045394947,2028106763,1207.4972,None
2752195334,2061429721,1708.09234,None
1484501429,2007914804,1307.4013,None
2899775022,2041207144,gr-qc0412085,None
2048998757,2020795135,cond-mat9908331,None
2055018577,1950596346,1408.4603,1403.7028
2897978935,2083382688,1810.05880,1107.4388
2010136494,2075947367,nucl-th0506043,nucl-th9512011
2010092785,2159751525,1109.3513,1002.4703
2525998294,2108302866,1609.08388,1310.0603
1626928281,640021235,physics0306153,None
2897860842,1970127494,1810.05289,None
2002866560,2021450980,1202.5096,None
2897873189,658559791,1810.07128,None
2798937584,1798308659,1804.08280,None
2623526827,2026850024,1706.02503,math0403171
2337871260,1806506967,1601.04623,1402.0462
2909490870,2149158279,1901.03318,None
2809050457,2145339207,1806.07371,None
2743327202,2037761069,1607.01140,1411.3543
2767278683,1780245888,1711.03789,None
2782368579,2123024445,1801.01632,None
1976117391,1622558941,1110.0738,1011.0985
1967688643,1971927906,1211.5703,None
1742511664,2038988125,1504.03786,cond-mat0001085
2595361965,160260404,1702.01092,None
2900768798,2151907905,1811.10424,None
2111626561,1997343588,1612.03050,0904.2044
2013548522,2004005781,1111.2617,None
2615907923,2606696839,1705.06546,1703.06892
2036772420,2050007339,1403.4729,0706.0986
2901776736,2118661470,1811.08903,0904.4761
1841185922,2595132239,hep-ph0604063,None
2586516092,2030172243,1610.01464,None
1632086403,2045796614,cond-mat0702038,None
