2010111839,2081187023
2075849370,2091334018
2020477787,1977217170
2265274733,2030180862
1519633459,1998223573
2133656293,1987839393
2770171480,2039573396
1970574470,2057351095
2119787254,207889878
2102671839,2069631336
2156600251,21134984
2058517386,2066641518
2185089786,1544092585
2106563193,2007326919
2794116985,1999423794
2754561259,2002532178
2077390582,2089079034
1560867615,2119172249
2133493128,1970024386
1967265325,2299450869
1990440288,2119401520
2301939399,2158094080
2119125521,2003334213
1979741912,2100425216
2415814155,77127219
2413372760,2103509407
2885605819,2604236302
2559838179,2529216451
1928413577,2050022378
2315212840,1966675014
2065586492,2069444320
1504677683,2065005647
2239847623,2184135559
1974811483,2098517949
2213006774,2058767932
2112193777,2168955357
2036356893,2069802496
1767773564,2042474962
2702201312,850385441
2796907648,2624668901
2755560864,2033836773
1504647293,179902480
2095396708,1985601475
2058345524,2810743122
1967625339,1975098556
1729492423,1974433586
2091789676,2107229032
1982202820,2017627447
2340713839,2102380794
2512303293,2165573852
583764060,588346287
2511689642,2153454975
2607217001,2149866420
1941114438,1611652824
1954719514,2055110930
2171767834,2031548574
1967240154,2088668851
2093413028,2135752483
2068669232,1605052304
2789764995,2106837094
1970411722,2162350677
2027997724,2141548614
2130738848,2078743364
2607711656,2058635469
2016603977,1979629421
2091267889,1575984657
2111573846,1972590258
2084229748,2058829011
2439494797,2068859284
2120706821,2489784754
2429804174,1837370926
2143896302,1631356911
2002186152,2233500407
2886224880,2518605874
1883430521,2115463092
2049643884,1970897960
2549082561,1995414190
2774796173,1776042733
1610956492,2114191791
2294352210,2064867424
2164325478,2044983500
2770320906,1575421382
1991806365,2084655453
2078636535,2103683082
2349969959,1639961155
2047270951,1568300605
1988827937,2105708739
2575993727,2034483141
2165642294,2035603111
2547889050,2370670507
2785289868,2564622160
1535543900,2912369344
1441391542,12623563
386512660,1583488702
2073554859,2037548627
2811274386,1598066046
2061379708,2039051581
2135836751,1976224613
1944775965,2045359393
2057060452,2120718235
2141099229,2019691057
1969399426,2018761601
2080061484,1613133207
1981725943,2072028848
2888975485,2032095233
1537256197,653925602
2090094926,2166961983
2006262472,1525156005
2524254513,2010273876
2040411402,2076345023
2115895226,2170689655
2619411504,1975525353
2097009553,2142175688
2479048248,2000504503
2896103791,2128459818
2785091167,2437754380
2752966176,1974280523
1980748072,2117748679
2153625147,2036610827
2528379776,2067551410
2127269177,2030333238
2266832919,2094133944
2768281325,2010850923
1991487687,2169980403
2616404353,1970779680
2213912886,1575833827
2547797278,2172073677
2167408577,2070632872
20216130,2057235227
1656119419,2093340278
1980089246,1977623683
2004134178,2100425608
1738007127,2057438003
2032159528,1947710832
2038532305,2084644025
1986300063,2116466430
1964354240,2060904747
1835018217,2057980978
1976886127,1981539632
2163781519,2017925164
2163555909,2096761182
2068605993,2159593989
2776298788,2319865874
2104840835,1970145293
2336746144,1668258826
2166829517,1977085339
1996550083,1998684053
2172243624,2062009667
2015298026,2065346559
2775822555,1649119254
2041164704,2077929353
2116234422,2077022089
2027186169,2902919886
2096350536,2090927807
1817238136,2403008712
1995882791,2136965905
2091802906,2019783281
2122299860,1988451480
1965501852,2012538600
1992804743,1988908843
1537631496,1944064699
2164122666,1703046545
2097449955,2075228591
2163320254,2133247664
2042473487,2076156971
2053011724,2663938834
2525691730,2797279396
1990331738,2247852345
1993108820,2052764253
2056912497,2035093985
2515239931,2016508304
2042222006,2110849223
2889816443,2005635297
2343010805,2021195299
2604176206,1934049993
2095975369,2084128237
1994849659,1988388205
2591926734,1971094260
124542521,2135210219
2004140861,1968066940
2091187223,1630510562
1908323007,1989938964
2530537889,2161103231
2757099451,1899179315
2009436402,2003687834
1986955269,2041690704
2013890586,2105205376
2624203784,2016673571
2168251669,2075773594
2591762962,2017871657
2062643002,2167635287
1971476336,2037502800
2898706507,1986798185
2729810465,2103370723
2795671189,2158131535
1829763752,1976787122
2136047143,2114013702
2748924124,2167818376
2115155977,1813939532
2041660484,2087739892
2130968297,1603398525
2027944994,2142167908
2767409068,1972494726
1992624962,2064522037
1858739827,1990119892
2572943182,2035770865
2060150738,2038889412
2776462838,2602674957
2468704423,2053354744
1997256732,2081450391
1971682041,1730705193
2549817318,1518341038
2146044958,2163118118
2022597892,2003163225
2024319723,1892049369
2089604724,2117523183
1971523625,2527952846
2197635914,2052438981
2609029208,2018938134
1966884043,2074408413
2000805817,2603096891
2153986932,2151596345
2760961600,2760249740
2594695811,2072458895
2171218757,2089733688
1592171473,2083011459
2793999225,2050915095
2017020311,1972043678
2716515748,2035496193
2775241190,1974144122
2131769363,1970189512
2612690998,2014848527
2151841925,2101055274
1991043334,2090135680
2512312135,2067114972
2269879476,2153950688
2070839650,98748474
1829923807,2063212296
2226641150,2018506134
1586628862,2008274349
291186028,2036916789
1554465505,1983883140
2240942739,192112676
2784163846,2295545373
2125871791,2048698542
2761306624,2604350893
2147719242,2043555330
1958552530,2088023471
2153920886,2112164016
2154939017,2083027379
1991231035,1513142110
2110227723,2102641960
2160065466,2006314686
1967438956,1485598997
2260774670,1947661233
2017749052,1740869849
2898515781,2613144983
1864975043,2110555593
2079209496,1975353854
2026353195,2810191690
2045687053,2024861474
2052343806,1633362630
2155964210,2060643559
2095736123,2019293240
2151131175,2101712920
2141839755,1965384935
1853624652,1840852387
1973279152,2075757398
1977778925,2104583077
1898721535,2067223568
2129462333,1635899645
2210738924,2059729270
1966505877,1972900125
2103681340,1987025403
2046372055,2094586557
2786691883,2031026718
2092884668,2019996501
1846107987,1935207909
2025254819,1983271953
2132304268,1997538932
2283007205,2143187540
2767455847,2912934387
2056699529,2166191085
1502272258,168203980
2793825152,1966171552
1986515659,2067549811
1960334103,1867162130
1993099858,2155262442
1994584001,1568963542
2080138196,1992122175
2097505912,2157131862
2000326990,2114413990
1985588845,2060980940
2562407593,2049239557
1848226959,1825331921
1967767484,2121623420
2789638121,1878962498
1995888461,93263887
1539216818,2044101301
1834734160,1995990042
