                                                     unarXive

             citing                                                      cited
       documents                                    references                                   documents
       1,043,126        |         15,954,664                        15,954,664          |         2,746,288                    Σ
(1,043,126) (994,351)   |  (15,954,664) (15,846,351)    |    (7,181,576) (15,954,664)   |    (736,597) (2,746,288)
                        |                               |                               |                                    by fos
                        |                               |                               |                                   ————————
        662,894         |          9,300,576            |           7,827,072           |          921,852                    phys
        237,422         |          3,426,117            |           5,062,033           |          906,301                    math
        111,694         |          2,526,656            |           1,876,401           |          425,860                    cs
         31,116         |            701,315            |           1,189,158           |          492,275                    other





※        entity
※ (full text) (mag ID)
