normalizing 'along the line distribution':

0.14 0.14 0.14 0.11 0.10 0.11 0.09 0.08 0.06 0.02
0.17 0.15 0.14 0.10 0.10 0.09 0.09 0.07 0.06 0.02
0.17 0.15 0.13 0.11 0.10 0.09 0.08 0.07 0.07 0.02
0.15 0.15 0.14 0.12 0.10 0.09 0.08 0.07 0.06 0.02
0.15 0.14 0.15 0.11 0.10 0.10 0.09 0.08 0.06 0.02
0.15 0.16 0.14 0.11 0.10 0.10 0.09 0.08 0.06 0.02
0.13 0.15 0.15 0.12 0.10 0.10 0.10 0.07 0.06 0.02
0.14 0.17 0.16 0.12 0.09 0.10 0.08 0.07 0.05 0.02
0.14 0.18 0.16 0.12 0.09 0.10 0.08 0.07 0.05 0.01
0.11 0.16 0.15 0.13 0.10 0.11 0.09 0.07 0.06 0.02
