normalizing 'along the line distribution':

0.04 0.06 0.07 0.07 0.07 0.08 0.07 0.06 0.05 0.41
0.05 0.06 0.07 0.07 0.07 0.08 0.07 0.06 0.05 0.41
0.05 0.06 0.07 0.07 0.07 0.08 0.07 0.06 0.06 0.42
0.05 0.06 0.07 0.07 0.07 0.08 0.07 0.06 0.06 0.42
0.05 0.06 0.07 0.07 0.07 0.08 0.07 0.06 0.06 0.41
0.05 0.06 0.07 0.07 0.07 0.08 0.07 0.06 0.05 0.42
0.05 0.06 0.07 0.07 0.07 0.08 0.07 0.06 0.05 0.42
0.05 0.07 0.07 0.07 0.07 0.08 0.07 0.06 0.05 0.42
0.05 0.06 0.07 0.07 0.07 0.08 0.07 0.06 0.06 0.42
0.04 0.06 0.06 0.07 0.07 0.08 0.07 0.07 0.06 0.43
