normalizing 'along the line distribution':

0.05 0.07 0.07 0.07 0.07 0.08 0.07 0.07 0.06 0.40
0.04 0.07 0.07 0.07 0.07 0.08 0.07 0.06 0.05 0.42
0.04 0.07 0.07 0.07 0.07 0.07 0.07 0.06 0.06 0.42
0.04 0.06 0.07 0.07 0.07 0.08 0.07 0.06 0.05 0.41
0.04 0.07 0.07 0.07 0.07 0.08 0.07 0.06 0.05 0.42
0.04 0.07 0.07 0.07 0.07 0.08 0.07 0.06 0.05 0.43
0.05 0.07 0.07 0.07 0.07 0.08 0.07 0.06 0.05 0.42
0.05 0.08 0.07 0.07 0.07 0.07 0.06 0.06 0.05 0.42
0.05 0.07 0.06 0.07 0.07 0.07 0.07 0.06 0.06 0.42
0.03 0.05 0.06 0.07 0.07 0.07 0.07 0.07 0.06 0.44

i.e. no matter where in the document, it's always
most likely that the citation is at the end and
unlikely that it's inbetween
