normalizing 'along the line distribution':

0.07 0.06 0.07 0.07 0.07 0.07 0.07 0.06 0.05 0.42
0.07 0.06 0.07 0.07 0.06 0.07 0.07 0.06 0.05 0.42
0.07 0.06 0.06 0.07 0.06 0.07 0.07 0.06 0.05 0.42
0.07 0.06 0.06 0.06 0.07 0.07 0.07 0.06 0.05 0.43
0.07 0.06 0.07 0.07 0.07 0.07 0.07 0.06 0.05 0.43
0.07 0.06 0.07 0.07 0.07 0.08 0.07 0.06 0.05 0.42
0.07 0.06 0.07 0.07 0.07 0.07 0.07 0.06 0.05 0.42
0.07 0.06 0.07 0.07 0.07 0.07 0.07 0.06 0.05 0.42
0.07 0.06 0.06 0.06 0.06 0.08 0.07 0.06 0.05 0.43
0.05 0.05 0.06 0.06 0.07 0.08 0.07 0.07 0.06 0.44
