plot only considering citations where the following
word has a NLTK POS tag starting with VB

normalizing 'along the line distribution':

0.07 0.16 0.16 0.14 0.10 0.12 0.09 0.08 0.06 0.02
0.07 0.18 0.15 0.12 0.11 0.11 0.08 0.08 0.07 0.02
0.08 0.16 0.16 0.13 0.10 0.11 0.10 0.08 0.07 0.02
0.07 0.16 0.16 0.13 0.12 0.11 0.09 0.08 0.07 0.02
0.07 0.16 0.16 0.12 0.11 0.10 0.10 0.08 0.07 0.03
0.06 0.17 0.16 0.12 0.11 0.11 0.11 0.07 0.06 0.02
0.07 0.18 0.16 0.14 0.11 0.11 0.09 0.08 0.06 0.02
0.07 0.21 0.18 0.13 0.09 0.10 0.08 0.06 0.05 0.02
0.08 0.19 0.18 0.13 0.10 0.10 0.08 0.07 0.04 0.02
0.07 0.16 0.16 0.13 0.11 0.11 0.10 0.08 0.05 0.02
