normalizing 'along the line distribution':

0.01 0.06 0.07 0.07 0.07 0.10 0.09 0.08 0.09 0.36
0.02 0.07 0.06 0.06 0.08 0.08 0.10 0.08 0.06 0.39
0.02 0.07 0.06 0.07 0.07 0.08 0.09 0.07 0.08 0.39
0.02 0.06 0.07 0.08 0.07 0.10 0.08 0.08 0.06 0.38
0.02 0.05 0.07 0.07 0.07 0.09 0.08 0.07 0.06 0.42
0.02 0.06 0.08 0.07 0.07 0.10 0.08 0.08 0.07 0.38
0.02 0.08 0.09 0.07 0.07 0.07 0.09 0.07 0.07 0.37
0.04 0.09 0.09 0.08 0.08 0.09 0.08 0.07 0.07 0.31
0.03 0.08 0.09 0.08 0.08 0.09 0.08 0.07 0.07 0.33
0.02 0.08 0.09 0.08 0.09 0.09 0.08 0.08 0.08 0.31
